Frequency (Hz)	Level (dB)
10.766602	-25.388256
21.533203	-8.889672
32.299805	-21.567875
43.066406	-19.858461
53.833008	-24.623377
64.599609	-21.547447
75.366211	-27.360941
86.132812	-21.843395
96.899414	-27.438437
107.666016	-28.893469
118.432617	-32.287743
129.199219	-30.693226
139.965820	-34.254662
150.732422	-31.866726
161.499023	-34.720737
172.265625	-35.371441
183.032227	-35.693222
193.798828	-35.755707
204.565430	-35.574875
215.332031	-35.034069
226.098633	-34.951252
236.865234	-34.269650
247.631836	-33.706707
258.398438	-33.011181
269.165039	-31.125242
279.931641	-30.721811
290.698242	-32.286282
301.464844	-33.567886
312.231445	-34.681316
322.998047	-35.225643
333.764648	-36.121891
344.531250	-36.450630
355.297852	-36.473598
366.064453	-37.520065
376.831055	-37.666454
387.597656	-38.064453
398.364258	-38.200665
409.130859	-38.418163
419.897461	-38.475578
430.664062	-38.530079
441.430664	-38.648109
452.197266	-38.809998
462.963867	-38.879009
473.730469	-39.118614
484.497070	-39.121677
495.263672	-39.508984
506.030273	-38.625622
516.796875	-38.707153
527.563477	-38.380951
538.330078	-37.335045
549.096680	-36.169647
559.863281	-36.614559
570.629883	-37.982731
581.396484	-39.118382
592.163086	-39.969604
602.929688	-40.481937
613.696289	-40.524048
624.462891	-41.385998
635.229492	-41.909996
645.996094	-42.277020
656.762695	-42.958317
667.529297	-43.069099
678.295898	-43.319260
689.062500	-43.377438
699.829102	-43.292053
710.595703	-43.498291
721.362305	-43.967987
732.128906	-43.668251
742.895508	-43.796062
753.662109	-43.139954
764.428711	-42.502430
775.195312	-41.710453
785.961914	-41.001999
796.728516	-40.333595
807.495117	-38.948669
818.261719	-38.416317
829.028320	-38.718304
839.794922	-38.581963
850.561523	-39.385937
861.328125	-39.916119
872.094727	-40.752083
882.861328	-41.401859
893.627930	-42.263924
904.394531	-43.027485
915.161133	-43.990440
925.927734	-44.867546
936.694336	-45.392975
947.460938	-45.620712
958.227539	-46.405270
968.994141	-46.147018
979.760742	-46.575905
990.527344	-46.793594
1001.293945	-46.510307
1012.060547	-46.429386
1022.827148	-46.105103
1033.593750	-45.770985
1044.360352	-44.889587
1055.126953	-44.499546
1065.893555	-43.947334
1076.660156	-42.754219
1087.426758	-42.060703
1098.193359	-41.056068
1108.959961	-40.280647
1119.726562	-38.986412
1130.493164	-38.699932
1141.259766	-38.142349
1152.026367	-38.765663
1162.792969	-39.383339
1173.559570	-39.867294
1184.326172	-40.735699
1195.092773	-41.589397
1205.859375	-42.271931
1216.625977	-42.844826
1227.392578	-43.670753
1238.159180	-44.478176
1248.925781	-45.505444
1259.692383	-45.876179
1270.458984	-46.692558
1281.225586	-46.796001
1291.992188	-46.926079
1302.758789	-47.245560
1313.525391	-47.124382
1324.291992	-46.834770
1335.058594	-46.480564
1345.825195	-46.481087
1356.591797	-45.980331
1367.358398	-45.364498
1378.125000	-45.085758
1388.891602	-44.342793
1399.658203	-43.684750
1410.424805	-42.923759
1421.191406	-42.180218
1431.958008	-41.593143
1442.724609	-41.382805
1453.491211	-42.319492
1464.257812	-43.153275
1475.024414	-44.266094
1485.791016	-45.289341
1496.557617	-46.286224
1507.324219	-47.470623
1518.090820	-48.107452
1528.857422	-48.691154
1539.624023	-49.423203
1550.390625	-49.603477
1561.157227	-50.089714
1571.923828	-49.917305
1582.690430	-50.196728
1593.457031	-50.046154
1604.223633	-49.977234
1614.990234	-49.703701
1625.756836	-48.818256
1636.523438	-48.210129
1647.290039	-47.491539
1658.056641	-46.659050
1668.823242	-45.900867
1679.589844	-44.708324
1690.356445	-43.809921
1701.123047	-43.494984
1711.889648	-43.768631
1722.656250	-43.808723
1733.422852	-44.899948
1744.189453	-46.140633
1754.956055	-47.069370
1765.722656	-47.861141
1776.489258	-48.732231
1787.255859	-49.341099
1798.022461	-50.022686
1808.789062	-50.240566
1819.555664	-50.385586
1830.322266	-50.786060
1841.088867	-50.727726
1851.855469	-50.871799
1862.622070	-50.378349
1873.388672	-50.248920
1884.155273	-50.287849
1894.921875	-49.865227
1905.688477	-49.435616
1916.455078	-48.840118
1927.221680	-48.296398
1937.988281	-47.245579
1948.754883	-46.710201
1959.521484	-45.822563
1970.288086	-45.385040
1981.054688	-45.117939
1991.821289	-45.463799
2002.587891	-45.621201
2013.354492	-46.518208
2024.121094	-46.913269
2034.887695	-47.271824
2045.654297	-48.304646
2056.420898	-48.615280
2067.187500	-49.258186
2077.954102	-49.718403
2088.720703	-50.118565
2099.487305	-50.071762
2110.253906	-50.142296
2121.020508	-50.499073
2131.787109	-50.180962
2142.553711	-50.637814
2153.320312	-50.455257
2164.086914	-49.784935
2174.853516	-49.513248
2185.620117	-49.455231
2196.386719	-49.157639
2207.153320	-48.824715
2217.919922	-48.779690
2228.686523	-48.395538
2239.453125	-47.662003
2250.219727	-47.175358
2260.986328	-47.096874
2271.752930	-46.975990
2282.519531	-46.838688
2293.286133	-46.803024
2304.052734	-47.089027
2314.819336	-47.483978
2325.585938	-47.682163
2336.352539	-48.014446
2347.119141	-48.424908
2357.885742	-48.579689
2368.652344	-49.030815
2379.418945	-49.537415
2390.185547	-49.857834
2400.952148	-49.711174
2411.718750	-50.212582
2422.485352	-50.133347
2433.251953	-50.155403
2444.018555	-50.137234
2454.785156	-50.420479
2465.551758	-49.828392
2476.318359	-49.892670
2487.084961	-49.512936
2497.851562	-49.299213
2508.618164	-48.943012
2519.384766	-48.326450
2530.151367	-48.099068
2540.917969	-47.721794
2551.684570	-47.211887
2562.451172	-46.952393
2573.217773	-46.749020
2583.984375	-46.610580
2594.750977	-46.149212
2605.517578	-46.299316
2616.284180	-46.995201
2627.050781	-46.947086
2637.817383	-47.024151
2648.583984	-47.327297
2659.350586	-48.182510
2670.117188	-48.586826
2680.883789	-49.091908
2691.650391	-49.324680
2702.416992	-49.206898
2713.183594	-49.426685
2723.950195	-49.752415
2734.716797	-49.987640
2745.483398	-49.948597
2756.250000	-49.623253
2767.016602	-49.517929
2777.783203	-49.254574
2788.549805	-48.822914
2799.316406	-48.743748
2810.083008	-47.946930
2820.849609	-47.484245
2831.616211	-46.522346
2842.382812	-46.101509
2853.149414	-45.221703
2863.916016	-44.558575
2874.682617	-44.127373
2885.449219	-43.769127
2896.215820	-43.950676
2906.982422	-44.040901
2917.749023	-45.036850
2928.515625	-45.941471
2939.282227	-47.091812
2950.048828	-47.671494
2960.815430	-47.813641
2971.582031	-48.717216
2982.348633	-48.801991
2993.115234	-48.922985
3003.881836	-49.223789
3014.648438	-49.138863
3025.415039	-49.390991
3036.181641	-49.324306
3046.948242	-49.258617
3057.714844	-48.719280
3068.481445	-47.907757
3079.248047	-47.915485
3090.014648	-47.664204
3100.781250	-46.902359
3111.547852	-45.947144
3122.314453	-44.881683
3133.081055	-44.019032
3143.847656	-43.216038
3154.614258	-42.428619
3165.380859	-41.921879
3176.147461	-41.753925
3186.914062	-42.841923
3197.680664	-43.776051
3208.447266	-44.947876
3219.213867	-46.086033
3229.980469	-46.066437
3240.747070	-47.312412
3251.513672	-48.105762
3262.280273	-48.050564
3273.046875	-48.307968
3283.813477	-49.000416
3294.580078	-48.943230
3305.346680	-49.036324
3316.113281	-49.048969
3326.879883	-48.460140
3337.646484	-47.957893
3348.413086	-47.571838
3359.179688	-47.114952
3369.946289	-46.617058
3380.712891	-45.551090
3391.479492	-45.050964
3402.246094	-44.115215
3413.012695	-42.882595
3423.779297	-41.670547
3434.545898	-41.136127
3445.312500	-40.517319
3456.079102	-40.495590
3466.845703	-41.237148
3477.612305	-42.753849
3488.378906	-43.909439
3499.145508	-44.607693
3509.912109	-45.169350
3520.678711	-45.706894
3531.445312	-46.553486
3542.211914	-46.900509
3552.978516	-47.675999
3563.745117	-47.768261
3574.511719	-48.167084
3585.278320	-48.101593
3596.044922	-47.920444
3606.811523	-47.637764
3617.578125	-47.710602
3628.344727	-46.720318
3639.111328	-46.630375
3649.877930	-46.017361
3660.644531	-44.746677
3671.411133	-43.994518
3682.177734	-43.295551
3692.944336	-42.219276
3703.710938	-41.469341
3714.477539	-40.619862
3725.244141	-39.389446
3736.010742	-39.217846
3746.777344	-40.104588
3757.543945	-41.029957
3768.310547	-42.464306
3779.077148	-42.501316
3789.843750	-44.136665
3800.610352	-44.810257
3811.376953	-45.297260
3822.143555	-46.474121
3832.910156	-46.680279
3843.676758	-46.967167
3854.443359	-47.215359
3865.209961	-47.348858
3875.976562	-47.326836
3886.743164	-47.369175
3897.509766	-47.087105
3908.276367	-46.667912
3919.042969	-46.131256
3929.809570	-45.672138
3940.576172	-45.057381
3951.342773	-44.158768
3962.109375	-43.363300
3972.875977	-42.063385
3983.642578	-41.303482
3994.409180	-40.064632
4005.175781	-38.996769
4015.942383	-39.298252
4026.708984	-39.802368
4037.475586	-40.724419
4048.242188	-41.851494
4059.008789	-42.679050
4069.775391	-43.881775
4080.541992	-44.398762
4091.308594	-45.546242
4102.075195	-45.811455
4112.841797	-46.586452
4123.608398	-46.962200
4134.375000	-47.808037
4145.141602	-47.760681
4155.908203	-48.459167
4166.674805	-48.087326
4177.441406	-48.283859
4188.208008	-47.944309
4198.974609	-47.813087
4209.741211	-47.511444
4220.507812	-47.458305
4231.274414	-46.690796
4242.041016	-46.124210
4252.807617	-45.103981
4263.574219	-44.297714
4274.340820	-43.179398
4285.107422	-42.639931
4295.874023	-41.532185
4306.640625	-41.561035
4317.407227	-42.404011
4328.173828	-43.798294
4338.940430	-44.946823
4349.707031	-46.269810
4360.473633	-47.295063
4371.240234	-48.196785
4382.006836	-49.307911
4392.773438	-49.933037
4403.540039	-51.095348
4414.306641	-51.498795
4425.073242	-52.099545
4435.839844	-52.662437
4446.606445	-52.850281
4457.373047	-52.870571
4468.139648	-53.454681
4478.906250	-52.920486
4489.672852	-53.429306
4500.439453	-53.146442
4511.206055	-52.836437
4521.972656	-52.535397
4532.739258	-51.861725
4543.505859	-51.503555
4554.272461	-51.128590
4565.039062	-50.119095
4575.805664	-48.860191
4586.572266	-48.632961
4597.338867	-50.140717
4608.105469	-51.466728
4618.872070	-52.293304
4629.638672	-53.645134
4640.405273	-54.804424
4651.171875	-55.857311
4661.938477	-56.214958
4672.705078	-56.967880
4683.471680	-57.911633
4694.238281	-58.262104
4705.004883	-58.873215
4715.771484	-59.381477
4726.538086	-59.454193
4737.304688	-60.107838
4748.071289	-60.244446
4758.837891	-60.555260
4769.604492	-60.754150
4780.371094	-60.906971
4791.137695	-60.662319
4801.904297	-60.336021
4812.670898	-60.664791
4823.437500	-60.261501
4834.204102	-60.106895
4844.970703	-60.201397
4855.737305	-59.985844
4866.503906	-59.639393
4877.270508	-59.826340
4888.037109	-60.436382
4898.803711	-60.819969
4909.570312	-61.217701
4920.336914	-61.691284
4931.103516	-61.907551
4941.870117	-62.275211
4952.636719	-62.561001
4963.403320	-62.473053
4974.169922	-62.983742
4984.936523	-62.713528
4995.703125	-62.830124
5006.469727	-63.309608
5017.236328	-62.676537
5028.002930	-63.047184
5038.769531	-63.326572
5049.536133	-63.573982
5060.302734	-63.444859
5071.069336	-63.170334
5081.835938	-63.173996
5092.602539	-63.026524
5103.369141	-63.141819
5114.135742	-63.162800
5124.902344	-62.930645
5135.668945	-62.803745
5146.435547	-62.242638
5157.202148	-63.028587
5167.968750	-62.790062
5178.735352	-63.251873
5189.501953	-63.552910
5200.268555	-63.547424
5211.035156	-64.052513
5221.801758	-64.303299
5232.568359	-65.144272
5243.334961	-65.425789
5254.101562	-65.753609
5264.868164	-66.474922
5275.634766	-66.869377
5286.401367	-67.391235
5297.167969	-67.626686
5307.934570	-67.828690
5318.701172	-67.956169
5329.467773	-68.135849
5340.234375	-68.148705
5351.000977	-68.241592
5361.767578	-68.293259
5372.534180	-68.298897
5383.300781	-68.303658
5394.067383	-68.314934
5404.833984	-68.319199
5415.600586	-68.330208
5426.367188	-68.334198
5437.133789	-68.338837
5447.900391	-68.342545
5458.666992	-68.345612
5469.433594	-68.348099
5480.200195	-68.350021
5490.966797	-68.351395
5501.733398	-68.352203
