Frequency (Hz)	Level (dB)
10.766602	-25.560446
21.533203	-12.171311
32.299805	-21.682640
43.066406	-27.233883
53.833008	-29.409880
64.599609	-32.329899
75.366211	-29.407867
86.132812	-36.016964
96.899414	-31.379520
107.666016	-38.031097
118.432617	-35.932636
129.199219	-39.054817
139.965820	-40.362751
150.732422	-40.934704
161.499023	-42.547768
172.265625	-41.210487
183.032227	-44.363987
193.798828	-42.681229
204.565430	-44.974384
215.332031	-43.964516
226.098633	-45.528976
236.865234	-45.061680
247.631836	-45.787136
258.398438	-46.198174
269.165039	-44.729084
279.931641	-46.141041
290.698242	-43.970005
301.464844	-44.683689
312.231445	-41.250423
322.998047	-41.745724
333.764648	-39.082581
344.531250	-38.423714
355.297852	-41.638920
366.064453	-43.011883
376.831055	-46.005157
387.597656	-46.266647
398.364258	-48.624344
409.130859	-49.369991
419.897461	-50.519142
430.664062	-50.834618
441.430664	-51.383942
452.197266	-51.800846
462.963867	-52.153572
473.730469	-52.568050
484.497070	-52.659096
495.263672	-52.923069
506.030273	-53.036839
516.796875	-53.198364
527.563477	-53.477192
538.330078	-53.690968
549.096680	-53.709106
559.863281	-53.523792
570.629883	-53.946716
581.396484	-53.705555
592.163086	-53.992393
602.929688	-53.695347
613.696289	-53.357399
624.462891	-52.604847
635.229492	-52.450207
645.996094	-51.514294
656.762695	-49.864296
667.529297	-48.310928
678.295898	-47.087463
689.062500	-47.767582
699.829102	-48.670265
710.595703	-50.554096
721.362305	-51.938168
732.128906	-52.967590
742.895508	-53.875320
753.662109	-54.222309
764.428711	-54.593357
775.195312	-55.130344
785.961914	-55.429462
796.728516	-55.551884
807.495117	-56.018513
818.261719	-56.034061
829.028320	-56.375290
839.794922	-56.589264
850.561523	-56.716084
861.328125	-56.469883
872.094727	-56.723106
882.861328	-56.718506
893.627930	-56.830734
904.394531	-56.805649
915.161133	-56.593010
925.927734	-56.415710
936.694336	-55.759953
947.460938	-54.962975
958.227539	-54.660213
968.994141	-53.342480
979.760742	-52.541290
990.527344	-51.512074
1001.293945	-50.833347
1012.060547	-50.705429
1022.827148	-51.131283
1033.593750	-51.479485
1044.360352	-51.937168
1055.126953	-52.329369
1065.893555	-52.861004
1076.660156	-53.244152
1087.426758	-53.452198
1098.193359	-54.061199
1108.959961	-54.756580
1119.726562	-54.676083
1130.493164	-55.485840
1141.259766	-55.781178
1152.026367	-56.098965
1162.792969	-56.768967
1173.559570	-56.324757
1184.326172	-56.742981
1195.092773	-56.955791
1205.859375	-56.779774
1216.625977	-56.370102
1227.392578	-56.271568
1238.159180	-56.107315
1248.925781	-55.940510
1259.692383	-55.418083
1270.458984	-54.770046
1281.225586	-54.777405
1291.992188	-54.535015
1302.758789	-53.962315
1313.525391	-54.017223
1324.291992	-53.326912
1335.058594	-52.946587
1345.825195	-52.360138
1356.591797	-51.256615
1367.358398	-50.695206
1378.125000	-50.141071
1388.891602	-49.864971
1399.658203	-49.670734
1410.424805	-49.506714
1421.191406	-49.905613
1431.958008	-50.439686
1442.724609	-50.705624
1453.491211	-51.172211
1464.257812	-51.983135
1475.024414	-52.523029
1485.791016	-52.382130
1496.557617	-52.709732
1507.324219	-52.934208
1518.090820	-53.145664
1528.857422	-52.954826
1539.624023	-53.283894
1550.390625	-53.841759
1561.157227	-53.645157
1571.923828	-53.531433
1582.690430	-53.958691
1593.457031	-53.916348
1604.223633	-53.828907
1614.990234	-53.925705
1625.756836	-53.536739
1636.523438	-53.421124
1647.290039	-53.371849
1658.056641	-52.885666
1668.823242	-52.212204
1679.589844	-52.152145
1690.356445	-51.058197
1701.123047	-50.701054
1711.889648	-49.753960
1722.656250	-48.227551
1733.422852	-47.464539
1744.189453	-45.905262
1754.956055	-44.368431
1765.722656	-42.300720
1776.489258	-40.861336
1787.255859	-40.231293
1798.022461	-41.062504
1808.789062	-42.274124
1819.555664	-43.814957
1830.322266	-45.222847
1841.088867	-46.067860
1851.855469	-47.262707
1862.622070	-47.655437
1873.388672	-48.435616
1884.155273	-49.349525
1894.921875	-49.247578
1905.688477	-49.733612
1916.455078	-49.724167
1927.221680	-49.820400
1937.988281	-49.690609
1948.754883	-49.731747
1959.521484	-49.365902
1970.288086	-49.190392
1981.054688	-48.718433
1991.821289	-48.378933
2002.587891	-47.730350
2013.354492	-47.087425
2024.121094	-45.883682
2034.887695	-44.832771
2045.654297	-44.208817
2056.420898	-42.968590
2067.187500	-41.405422
2077.954102	-39.734661
2088.720703	-38.435532
2099.487305	-37.441563
2110.253906	-37.197647
2121.020508	-38.263325
2131.787109	-39.669994
2142.553711	-40.911850
2153.320312	-42.285248
2164.086914	-42.781914
2174.853516	-43.686508
2185.620117	-44.710648
2196.386719	-45.589798
2207.153320	-46.105736
2217.919922	-46.537228
2228.686523	-46.798588
2239.453125	-46.874241
2250.219727	-46.960571
2260.986328	-47.207767
2271.752930	-47.439941
2282.519531	-46.966835
2293.286133	-46.933178
2304.052734	-46.553883
2314.819336	-46.435444
2325.585938	-46.177982
2336.352539	-45.913170
2347.119141	-45.124725
2357.885742	-44.518032
2368.652344	-43.927654
2379.418945	-43.074799
2390.185547	-42.305649
2400.952148	-41.453686
2411.718750	-40.130760
2422.485352	-39.223888
2433.251953	-38.848728
2444.018555	-38.961208
2454.785156	-38.978642
2465.551758	-39.226036
2476.318359	-40.025505
2487.084961	-40.656773
2497.851562	-41.636303
2508.618164	-42.755547
2519.384766	-43.314377
2530.151367	-44.093540
2540.917969	-44.430862
2551.684570	-44.861748
2562.451172	-45.329487
2573.217773	-46.267979
2583.984375	-46.547398
2594.750977	-46.497932
2605.517578	-46.561375
2616.284180	-46.970936
2627.050781	-46.694443
2637.817383	-46.418262
2648.583984	-46.168980
2659.350586	-46.207214
2670.117188	-46.260998
2680.883789	-46.407429
2691.650391	-46.053009
2702.416992	-45.369328
2713.183594	-44.713360
2723.950195	-44.767273
2734.716797	-44.689510
2745.483398	-44.341354
2756.250000	-43.835670
2767.016602	-43.465919
2777.783203	-43.457687
2788.549805	-43.049496
2799.316406	-43.407730
2810.083008	-42.968567
2820.849609	-43.132107
2831.616211	-42.677277
2842.382812	-43.052315
2853.149414	-43.401695
2863.916016	-43.728653
2874.682617	-44.045414
2885.449219	-44.409073
2896.215820	-44.685867
2906.982422	-45.329578
2917.749023	-45.616478
2928.515625	-46.207844
2939.282227	-46.988766
2950.048828	-47.232384
2960.815430	-47.064487
2971.582031	-47.339432
2982.348633	-47.607079
2993.115234	-47.482559
3003.881836	-47.618568
3014.648438	-47.561359
3025.415039	-47.208656
3036.181641	-47.440121
3046.948242	-47.352776
3057.714844	-47.074848
3068.481445	-46.560734
3079.248047	-46.343025
3090.014648	-46.714352
3100.781250	-46.242264
3111.547852	-45.677086
3122.314453	-45.249989
3133.081055	-44.687138
3143.847656	-44.426136
3154.614258	-44.208927
3165.380859	-43.554146
3176.147461	-43.024128
3186.914062	-43.208408
3197.680664	-43.046432
3208.447266	-43.314823
3219.213867	-43.695229
3229.980469	-43.859531
3240.747070	-44.259930
3251.513672	-44.790489
3262.280273	-44.950020
3273.046875	-45.366760
3283.813477	-46.110405
3294.580078	-46.291485
3305.346680	-46.472019
3316.113281	-47.081631
3326.879883	-47.077614
3337.646484	-46.998695
3348.413086	-47.183182
3359.179688	-47.526047
3369.946289	-47.829067
3380.712891	-47.482159
3391.479492	-47.971771
3402.246094	-47.418133
3413.012695	-47.180946
3423.779297	-46.865513
3434.545898	-46.857204
3445.312500	-46.432003
3456.079102	-46.258053
3466.845703	-45.380634
3477.612305	-45.376102
3488.378906	-44.560101
3499.145508	-43.777195
3509.912109	-42.769943
3520.678711	-41.845463
3531.445312	-41.247334
3542.211914	-40.463707
3552.978516	-40.461651
3563.745117	-40.295143
3574.511719	-40.589897
3585.278320	-41.199924
3596.044922	-41.645184
3606.811523	-42.664795
3617.578125	-43.865368
3628.344727	-44.334137
3639.111328	-45.143024
3649.877930	-45.457336
3660.644531	-45.873917
3671.411133	-46.350761
3682.177734	-46.436241
3692.944336	-46.799129
3703.710938	-47.271996
3714.477539	-47.686321
3725.244141	-47.257805
3736.010742	-47.338154
3746.777344	-47.305916
3757.543945	-46.924896
3768.310547	-47.048172
3779.077148	-46.109928
3789.843750	-46.341980
3800.610352	-45.923817
3811.376953	-45.018795
3822.143555	-44.683304
3832.910156	-44.045910
3843.676758	-42.669189
3854.443359	-41.862938
3865.209961	-40.710953
3875.976562	-39.585186
3886.743164	-38.890572
3897.509766	-38.117863
3908.276367	-38.270775
3919.042969	-38.545830
3929.809570	-39.260574
3940.576172	-40.561928
3951.342773	-41.297955
3962.109375	-42.560368
3972.875977	-43.297596
3983.642578	-43.802219
3994.409180	-44.694649
4005.175781	-45.230373
4015.942383	-46.147877
4026.708984	-46.603580
4037.475586	-46.711605
4048.242188	-47.107861
4059.008789	-46.849178
4069.775391	-46.604103
4080.541992	-47.007851
4091.308594	-47.042416
4102.075195	-46.529045
4112.841797	-46.364609
4123.608398	-46.222385
4134.375000	-46.144108
4145.141602	-45.255440
4155.908203	-45.315250
4166.674805	-44.175503
4177.441406	-43.511028
4188.208008	-42.783863
4198.974609	-41.674358
4209.741211	-40.595234
4220.507812	-40.001835
4231.274414	-39.562569
4242.041016	-38.727520
4252.807617	-38.221790
4263.574219	-38.728710
4274.340820	-39.194603
4285.107422	-40.576782
4295.874023	-41.452915
4306.640625	-42.691082
4317.407227	-44.090591
4328.173828	-44.710541
4338.940430	-45.308876
4349.707031	-46.576969
4360.473633	-47.163815
4371.240234	-47.646595
4382.006836	-47.911674
4392.773438	-48.387222
4403.540039	-49.345226
4414.306641	-49.620960
4425.073242	-49.524204
4435.839844	-49.636372
4446.606445	-49.947849
4457.373047	-49.688694
4468.139648	-50.115112
4478.906250	-49.868279
4489.672852	-49.931915
4500.439453	-49.802807
4511.206055	-49.588516
4521.972656	-49.234398
4532.739258	-48.720299
4543.505859	-48.306801
4554.272461	-47.773857
4565.039062	-47.264256
4575.805664	-45.855297
4586.572266	-45.301525
4597.338867	-45.284779
4608.105469	-45.497044
4618.872070	-46.048904
4629.638672	-47.549477
4640.405273	-48.635464
4651.171875	-50.321815
4661.938477	-51.334728
4672.705078	-53.245853
4683.471680	-54.305546
4694.238281	-55.519058
4705.004883	-56.234200
4715.771484	-57.543747
4726.538086	-58.290718
4737.304688	-59.188789
4748.071289	-59.771053
4758.837891	-60.106888
4769.604492	-60.998898
4780.371094	-61.704350
4791.137695	-62.315823
4801.904297	-62.713722
4812.670898	-63.183186
4823.437500	-63.453194
4834.204102	-63.616447
4844.970703	-63.692509
4855.737305	-63.899273
4866.503906	-63.919155
4877.270508	-64.291542
4888.037109	-64.597740
4898.803711	-64.113190
4909.570312	-63.894131
4920.336914	-64.052971
4931.103516	-63.994816
4941.870117	-63.497910
4952.636719	-63.656395
4963.403320	-63.966629
4974.169922	-65.039413
4984.936523	-66.237778
4995.703125	-66.725418
5006.469727	-67.072495
5017.236328	-67.609634
5028.002930	-67.841026
5038.769531	-68.005836
5049.536133	-68.180336
5060.302734	-68.267349
5071.069336	-68.317818
5081.835938	-68.369522
5092.602539	-68.435623
5103.369141	-68.500992
5114.135742	-68.515511
5124.902344	-68.388176
5135.668945	-68.497101
5146.435547	-68.628288
5157.202148	-68.506737
5167.968750	-68.633392
5178.735352	-68.627731
5189.501953	-68.661774
5200.268555	-68.704468
5211.035156	-68.821907
5221.801758	-68.728882
5232.568359	-68.743576
5243.334961	-68.830589
5254.101562	-68.970688
5264.868164	-68.925034
5275.634766	-68.959877
5286.401367	-69.057999
5297.167969	-69.031548
5307.934570	-69.061676
5318.701172	-69.061676
5329.467773	-69.105469
5340.234375	-69.099350
5351.000977	-69.119308
5361.767578	-69.126488
5372.534180	-69.136436
5383.300781	-69.142212
5394.067383	-69.149384
5404.833984	-69.154259
5415.600586	-69.159698
5426.367188	-69.164032
5437.133789	-69.168053
5447.900391	-69.171432
5458.666992	-69.174370
5469.433594	-69.176712
5480.200195	-69.178543
5490.966797	-69.179840
5501.733398	-69.180626
