Frequency (Hz)	Level (dB)
10.766602	-66.546539
21.533203	-66.259766
32.299805	-65.915047
43.066406	-65.524803
53.833008	-64.833458
64.599609	-64.050285
75.366211	-62.898373
86.132812	-60.707233
96.899414	-61.259037
107.666016	-61.760014
118.432617	-58.681664
129.199219	-59.526268
139.965820	-58.020264
150.732422	-55.118771
161.499023	-50.890804
172.265625	-46.754826
183.032227	-48.951611
193.798828	-53.106220
204.565430	-55.822582
215.332031	-57.639668
226.098633	-58.563789
236.865234	-59.072563
247.631836	-60.015369
258.398438	-59.476089
269.165039	-59.382679
279.931641	-59.079685
290.698242	-58.521095
301.464844	-57.243591
312.231445	-56.272682
322.998047	-54.078911
333.764648	-51.210369
344.531250	-48.813705
355.297852	-48.983204
366.064453	-51.180389
376.831055	-53.737389
387.597656	-55.201092
398.364258	-56.418774
409.130859	-56.972248
419.897461	-57.122036
430.664062	-57.881542
441.430664	-57.761108
452.197266	-57.199059
462.963867	-56.678902
473.730469	-55.612938
484.497070	-54.443985
495.263672	-53.313908
506.030273	-51.729561
516.796875	-48.650200
527.563477	-45.290043
538.330078	-45.280025
549.096680	-48.029694
559.863281	-51.327972
570.629883	-53.814854
581.396484	-54.776234
592.163086	-55.745461
602.929688	-56.132042
613.696289	-55.950218
624.462891	-55.475666
635.229492	-55.866447
645.996094	-55.557320
656.762695	-54.548214
667.529297	-53.445042
678.295898	-51.519444
689.062500	-48.822933
699.829102	-45.987354
710.595703	-45.158146
721.362305	-45.515850
732.128906	-47.901047
742.895508	-50.493710
753.662109	-51.879372
764.428711	-52.994930
775.195312	-53.425995
785.961914	-53.541489
796.728516	-53.663143
807.495117	-52.934910
818.261719	-52.493214
829.028320	-52.519417
839.794922	-51.919189
850.561523	-51.051735
861.328125	-49.405602
872.094727	-47.726761
882.861328	-44.914116
893.627930	-43.217911
904.394531	-42.348358
915.161133	-42.922272
925.927734	-44.201565
936.694336	-46.321480
947.460938	-48.014797
958.227539	-49.494759
968.994141	-49.881222
979.760742	-50.328655
990.527344	-50.071430
1001.293945	-49.356941
1012.060547	-48.312874
1022.827148	-46.854324
1033.593750	-44.550053
1044.360352	-41.870518
1055.126953	-40.632797
1065.893555	-40.760353
1076.660156	-40.225456
1087.426758	-40.359653
1098.193359	-41.901604
1108.959961	-44.539383
1119.726562	-46.217075
1130.493164	-47.229515
1141.259766	-47.657204
1152.026367	-47.979633
1162.792969	-47.981617
1173.559570	-46.769749
1184.326172	-46.461597
1195.092773	-44.933659
1205.859375	-42.756374
1216.625977	-41.934834
1227.392578	-41.796623
1238.159180	-41.652653
1248.925781	-41.740074
1259.692383	-42.717106
1270.458984	-43.517345
1281.225586	-44.319321
1291.992188	-45.518372
1302.758789	-45.482182
1313.525391	-45.791656
1324.291992	-45.948502
1335.058594	-45.874031
1345.825195	-45.895840
1356.591797	-45.406460
1367.358398	-45.161201
1378.125000	-44.676689
1388.891602	-44.028229
1399.658203	-43.074749
1410.424805	-42.505466
1421.191406	-42.167332
1431.958008	-41.898201
1442.724609	-41.147610
1453.491211	-41.004627
1464.257812	-41.335274
1475.024414	-41.905216
1485.791016	-41.753994
1496.557617	-42.243206
1507.324219	-43.089203
1518.090820	-43.122936
1528.857422	-42.535290
1539.624023	-43.036449
1550.390625	-42.968498
1561.157227	-42.006645
1571.923828	-41.061375
1582.690430	-40.631580
1593.457031	-40.018879
1604.223633	-39.363979
1614.990234	-39.093910
1625.756836	-38.239559
1636.523438	-38.050667
1647.290039	-38.377659
1658.056641	-38.708221
1668.823242	-38.934875
1679.589844	-39.923981
1690.356445	-40.291874
1701.123047	-40.979767
1711.889648	-41.246803
1722.656250	-40.819775
1733.422852	-41.096531
1744.189453	-40.589191
1754.956055	-40.092983
1765.722656	-38.476559
1776.489258	-37.166325
1787.255859	-36.477875
1798.022461	-36.291203
1808.789062	-35.707283
1819.555664	-36.045227
1830.322266	-36.260967
1841.088867	-36.417534
1851.855469	-37.664413
1862.622070	-38.139725
1873.388672	-39.457920
1884.155273	-40.642395
1894.921875	-40.737530
1905.688477	-41.072868
1916.455078	-40.713398
1927.221680	-39.851379
1937.988281	-38.247940
1948.754883	-36.825733
1959.521484	-35.534184
1970.288086	-35.036320
1981.054688	-34.749809
1991.821289	-34.833363
2002.587891	-34.889866
2013.354492	-35.359856
2024.121094	-35.624470
2034.887695	-36.604809
2045.654297	-38.423714
2056.420898	-39.981026
2067.187500	-41.039410
2077.954102	-41.039604
2088.720703	-40.880821
2099.487305	-40.012714
2110.253906	-38.325668
2121.020508	-37.083946
2131.787109	-35.438148
2142.553711	-34.533142
2153.320312	-34.951824
2164.086914	-34.047852
2174.853516	-34.223392
2185.620117	-34.795216
2196.386719	-35.401623
2207.153320	-35.684929
2217.919922	-37.236790
2228.686523	-38.874382
2239.453125	-40.379631
2250.219727	-41.037170
2260.986328	-41.339951
2271.752930	-41.014637
2282.519531	-38.958191
2293.286133	-37.379898
2304.052734	-35.600300
2314.819336	-35.053116
2325.585938	-34.730560
2336.352539	-35.096485
2347.119141	-34.709312
2357.885742	-34.543240
2368.652344	-34.934315
2379.418945	-35.229927
2390.185547	-36.024578
2400.952148	-37.922871
2411.718750	-38.937984
2422.485352	-40.276531
2433.251953	-41.053707
2444.018555	-41.009350
2454.785156	-39.441017
2465.551758	-36.942646
2476.318359	-35.200787
2487.084961	-34.625542
2497.851562	-34.602726
2508.618164	-34.440006
2519.384766	-34.131817
2530.151367	-34.691685
2540.917969	-34.433933
2551.684570	-34.166050
2562.451172	-34.870502
2573.217773	-36.109436
2583.984375	-37.464630
2594.750977	-39.943466
2605.517578	-40.431061
2616.284180	-40.629105
2627.050781	-39.181660
2637.817383	-37.189491
2648.583984	-34.291264
2659.350586	-34.400928
2670.117188	-33.640732
2680.883789	-34.394257
2691.650391	-34.310062
2702.416992	-33.538868
2713.183594	-32.970051
2723.950195	-33.595852
2734.716797	-34.187904
2745.483398	-34.577221
2756.250000	-35.555622
2767.016602	-37.647221
2777.783203	-39.554844
2788.549805	-39.481796
2799.316406	-39.218723
2810.083008	-36.890732
2820.849609	-34.582722
2831.616211	-33.747643
2842.382812	-33.938145
2853.149414	-33.750210
2863.916016	-33.174595
2874.682617	-33.657799
2885.449219	-33.807217
2896.215820	-33.657379
2906.982422	-33.016403
2917.749023	-33.427197
2928.515625	-34.044834
2939.282227	-35.767990
2950.048828	-37.627579
2960.815430	-38.014805
2971.582031	-38.061321
2982.348633	-36.425537
2993.115234	-34.251934
3003.881836	-33.612564
3014.648438	-33.068329
3025.415039	-32.395004
3036.181641	-33.178707
3046.948242	-33.099392
3057.714844	-33.634415
3068.481445	-32.569195
3079.248047	-33.398338
3090.014648	-33.872028
3100.781250	-34.001621
3111.547852	-34.679214
3122.314453	-35.000408
3133.081055	-36.601009
3143.847656	-36.979580
3154.614258	-35.928699
3165.380859	-34.367725
3176.147461	-33.508526
3186.914062	-33.158092
3197.680664	-33.058704
3208.447266	-32.986744
3219.213867	-33.213444
3229.980469	-33.284008
3240.747070	-33.443115
3251.513672	-33.629215
3262.280273	-32.918453
3273.046875	-33.088135
3283.813477	-34.050457
3294.580078	-33.538033
3305.346680	-34.164898
3316.113281	-34.967144
3326.879883	-34.574558
3337.646484	-33.270252
3348.413086	-32.981220
3359.179688	-32.066696
3369.946289	-31.930307
3380.712891	-31.335459
3391.479492	-31.542419
3402.246094	-31.055058
3413.012695	-31.009008
3423.779297	-31.031931
3434.545898	-31.294115
3445.312500	-31.629847
3456.079102	-31.831863
3466.845703	-31.501711
3477.612305	-32.028152
3488.378906	-32.801231
3499.145508	-33.666161
3509.912109	-32.577934
3520.678711	-31.942112
3531.445312	-31.220797
3542.211914	-31.033501
3552.978516	-31.438555
3563.745117	-31.205154
3574.511719	-31.065474
3585.278320	-31.272276
3596.044922	-30.993137
3606.811523	-31.217449
3617.578125	-31.894909
3628.344727	-31.360455
3639.111328	-31.703363
3649.877930	-31.939871
3660.644531	-31.975092
3671.411133	-33.136520
3682.177734	-33.230980
3692.944336	-33.341087
3703.710938	-33.348068
3714.477539	-33.594986
3725.244141	-33.177807
3736.010742	-32.967304
3746.777344	-33.192875
3757.543945	-33.006699
3768.310547	-33.326252
3779.077148	-33.471725
3789.843750	-33.710800
3800.610352	-33.612015
3811.376953	-34.132198
3822.143555	-34.727226
3832.910156	-34.592857
3843.676758	-34.711220
3854.443359	-35.423687
3865.209961	-35.612362
3875.976562	-35.588879
3886.743164	-35.786438
3897.509766	-35.827991
3908.276367	-36.271538
3919.042969	-36.385807
3929.809570	-36.461079
3940.576172	-37.101776
3951.342773	-36.532532
3962.109375	-37.150131
3972.875977	-37.313797
3983.642578	-37.439484
3994.409180	-37.627171
4005.175781	-37.754688
4015.942383	-38.112839
4026.708984	-37.888599
4037.475586	-37.998310
4048.242188	-37.970871
4059.008789	-37.641720
4069.775391	-37.862053
4080.541992	-37.920990
4091.308594	-38.438633
4102.075195	-38.219009
4112.841797	-38.066566
4123.608398	-38.506298
4134.375000	-39.187668
4145.141602	-38.916687
4155.908203	-39.327614
4166.674805	-38.841087
4177.441406	-38.787178
4188.208008	-39.368198
4198.974609	-39.272762
4209.741211	-39.017998
4220.507812	-39.473705
4231.274414	-40.642021
4242.041016	-41.512325
4252.807617	-41.314354
4263.574219	-41.529987
4274.340820	-41.896748
4285.107422	-42.475578
4295.874023	-42.159336
4306.640625	-42.532139
4317.407227	-42.776333
4328.173828	-42.751274
4338.940430	-42.804562
4349.707031	-43.505093
4360.473633	-43.869286
4371.240234	-43.603035
4382.006836	-43.335987
4392.773438	-44.138111
4403.540039	-44.851826
4414.306641	-45.180241
4425.073242	-45.467854
4435.839844	-45.722046
4446.606445	-46.148834
4457.373047	-46.190113
4468.139648	-46.848862
4478.906250	-46.981552
4489.672852	-47.115368
4500.439453	-47.525478
4511.206055	-47.951477
4521.972656	-48.488445
4532.739258	-48.462761
4543.505859	-48.787830
4554.272461	-48.966702
4565.039062	-49.592167
4575.805664	-48.764778
4586.572266	-49.406017
4597.338867	-49.944160
4608.105469	-50.670006
4618.872070	-51.288956
4629.638672	-52.033905
4640.405273	-51.885590
4651.171875	-52.497314
4661.938477	-52.780762
4672.705078	-53.395164
4683.471680	-53.766834
4694.238281	-54.133118
4705.004883	-54.526821
4715.771484	-55.265762
4726.538086	-55.231369
4737.304688	-55.816887
4748.071289	-55.654682
4758.837891	-55.240978
4769.604492	-55.935627
4780.371094	-56.695419
4791.137695	-57.900612
4801.904297	-58.404167
4812.670898	-58.809116
4823.437500	-59.445827
4834.204102	-60.093613
4844.970703	-60.163998
4855.737305	-60.758034
4866.503906	-61.478073
4877.270508	-61.976276
4888.037109	-62.142494
4898.803711	-62.383911
4909.570312	-62.598911
4920.336914	-62.616943
4931.103516	-63.149788
4941.870117	-63.264515
4952.636719	-63.558872
4963.403320	-63.896347
4974.169922	-64.068413
4984.936523	-64.695023
4995.703125	-64.882835
5006.469727	-64.989563
5017.236328	-65.031197
5028.002930	-65.215263
5038.769531	-65.389427
5049.536133	-65.515083
5060.302734	-65.594131
5071.069336	-65.553177
5081.835938	-65.710518
5092.602539	-65.750999
5103.369141	-65.768631
5114.135742	-65.788544
5124.902344	-65.868706
5135.668945	-65.920593
5146.435547	-65.957382
5157.202148	-66.021179
5167.968750	-66.042030
5178.735352	-66.078232
5189.501953	-66.104210
5200.268555	-66.131081
5211.035156	-66.147682
5221.801758	-66.161171
5232.568359	-66.192833
5243.334961	-66.220016
5254.101562	-66.254814
5264.868164	-66.255066
5275.634766	-66.274117
5286.401367	-66.295746
5297.167969	-66.312553
5307.934570	-66.329498
5318.701172	-66.345818
5329.467773	-66.358475
5340.234375	-66.370644
5351.000977	-66.384369
5361.767578	-66.395599
5372.534180	-66.407097
5383.300781	-66.417030
5394.067383	-66.426178
5404.833984	-66.434593
5415.600586	-66.442177
5426.367188	-66.448959
5437.133789	-66.454918
5447.900391	-66.460083
5458.666992	-66.464439
5469.433594	-66.468010
5480.200195	-66.470779
5490.966797	-66.472755
5501.733398	-66.473946
